7293341
5151552
3997376
3978088
5155728
3121139
4246662
3888192
2679930
2914176
2469551
2279713
2846646
3185912
2590326
2700997
2637241
4224742
3508881
2883933
4351587
4054469
2603048
2569681
5081401
2680835
2507082
4058455
7631449
10303510
6567445
4917284
4631988
4877179
4362455
3974324
6093507
7327956
5038030
4750859
5431729
5102768
4277735
3022212
2875429
2586909
3026450
3269475
2441497
2247612
3612510
3260486
3022321
3362610
2695531
2730693
2221777
2169259
3420884
3349654
2499062
2705287
3094837
5863150
3673116
2111948
2255233
2808909
7613808
5571322
4032509
3065364
2843622
2918061
2426204
3929890
2939304
3427197
3190358
5608111
4130770
2385498
3099239
2952099
2210751
2192779
2315367
2259345
2673985
2497689
2871079
7246871
6763498
3572321
3596808
3579523
3176858
2702266
1981337
1874890
1601412
2017239
1562083
2116300
1601165
1887316
1458281
2337567
1677625
1521747
1742565
1622017
2769520
2196156
1788141
1630792
1790751
2168238
3716541
2422453
2027915
4246938
3118879
3115662
2529304
3036442
5495339
2293948
1932706
2712733
4073362
2350777
2649176
3812930
4418171
4918973
4425478
2764010
2948840
3456636
2681335
2423112
1819724
3584648
2373674
3088844
2994703
3355137
2507218
2086337
3148334
2790354
4052218
3239776
3985249
7156567
10832630
5408996
5300121
4981311
3867205
5115398
5977338
3382350
8555177
12733320
6610022
7300631
6749867
3604217
3662939
4365888
4600908
5306588
3533297
1837068
4383855
3267884
4607152
4650761
3556552
4304728
3792379
3679153
3187047
2464356
2958869
5253129
5446965
3795503
4846155
3107956
2701395
2041288
2521462
1978722
2630692
3282597
3154980
4132707
3519877
2505296
5820195
5981169
3442864
2557640
2986267
4865798
3777135
3668111
2344879
2529569
3373183
2794228
2967753
3931475
3571395
2994700
3681441
3129269
3831319
7043095
10855610
3827284
3463842
2856058
2482464
2427817
4167521
2789377
2960469
2710595
3036616
3506621
2615385
3459287
3684473
2703855
2787892
2758169
2130010
1948195
2609139
2246216
2286974
2043932
2434254
1906941
2129358
2559702
1841507
3383423
2261699
4376927
2652225
1947627
2135812
2754903
3037117
4479102
2758154
3949283
3418998
4976736
7497229
6338183
3708367
3180999
3008307
2451575
3169025
2849145
2996639
2865603
2808837
2408664
3118154
3375239
2603720
5195293
7354916
5459454
3814589
3578108
2413486
2863978
3406954
3256357
2093334
2190678
3622639
4261618
3114640
5129887
3898729
3967552
2631854
2412406
2455977
4817312
3462132
3256230
3913721
2451407
3749489
2717283
3341855
2818880
2756796
7634038
9437061
4569183
3965444
5230302
11439080
5019791
4069195
2916743
2249784
2876508
3382126
3759865
3721937
4295828
3383436
2909108
3648765
3257432
2589778
3515968
2978422
3605227
2877854
2100941
3685206
4002293
2955263
3074300
2726844
3277624
2444862
2881423
10830380
7674669
7326177
4527979
4061270
3252699
2726739
2670187
2886062
3568120
5600182
3464615
3168461
2544452
3125408
3456073
3275276
3156891
2745796
2642936
5186993
3316602
2576456
2871568
2897969
3314687
2533779
2996501
2125371
2562517
2589038
2171998
2475557
3360247
3899558
3749512
3400701
2629721
2752256
2276374
2629433
5115097
3504345
3145310
2521285
2509194
2425585
2664290
2518509
3220080
3747408
2936073
3082929
2335062
4083076
2429175
2004816
2318762
2496848
3084459
2343556
3482123
2713262
3029395
5392856
16547950
6608244
3474886
3743189
3683447
3739141
3331032
2684125
2575956
3729458
2178670
2913376
3136307
3917182
2210454
2360174
2146183
2461416
3549453
3528011
6718385
4548064
9242181
4472454
4101175
5926970
4074846
2777524
2508813
2979278
2360068
2208812
2588740
3120265
4775009
2943252
2574578
2364984
2055103
1575845
1988906
1866171
1838549
2678122