560.94
548.91
545.11
561
567.11
584.4
580.15
596.71
599.28
590.49
599
590.77
587.52
598.76
594.32
596.14
598.4
607.68
615.07
621.92
625.35
637.14
630
631
624.47
616.61
626.17
611.8
615.54
666
663.92
677.36
662.59
673.31
656.05
673.95
694
705.79
717.38
714.64
710.13
709.9
689.56
691.88
701.05
704.25
698.01
708
708.33
715
712.33
720.9
720.97
726.74
726.5
729.89
726.4
723.1
722.35
714.01
712.33
722
712.05
718.19
713.5
715.72
716.58
715.5
693
692.01
700
715.75
717.2
717.32
722.8
725.71
739.33
740.14
750
756.86
746.76
748.86
746.55
735.49
732.5
744
747.5
747.79
746.55
742.71
737.97
745.98
765
759.87
763.81
757.06
753.7
764.81
766.81
767.39
769.8
769.94
768.46
771.9
768.62
764.41
764
761.9
757.5
763.31
763
756
760.05
768.72
771.05
766.6
770.9
774.11
774.04
789.53
783.89
779.36
757.35
768.77
762.2
762
773.28
779.97
776
783.25
794.27
803.13
801.8
801.85
818
828.26
832.61
836
840.91
838
843.7
845.79
843.25
841.02
834
829
835.08
821.5
822.11
820.4
813.99
809.36
824.95
839.3
832.76
831.24
782
781.03
799
783.93
765.05
762.79
771.64
784.97
764
778.81
735.73
745.51
730
739.88
749.32
761
766
788.17
781.73
786.5
776.99
768
762
752.41
743.4
745
763.99
764.55
771.87
770
766.4
764.96
778.25
766.28
765
758.89
768.65
770
768.12
764.55
763.4
776.25
772.4
766.47
757.92
758.39
761.55
782.36
798
796.6
793.66
800.31
814.32
815.7
809.5
810
815.28
806.8
822
825.79
835.53
839
833
823.75
829.21
836.59
806.72
809.8
809.31
812.69
821.6
823.82
831.62
837
834
841.84
842
848.84
856.95
857.57
844.69
842.38
851.45
853.05
853.08
847.2
845.23
845.48
848
851
857
851.77
853.55
854.33
855.3
853.49
851.51
858.84
840.43
848.2
851.68
838.07
851.75
859.05
874.95
877
888
891.5
910.82
913.8
899.65
899.63
907.04
903.09
891.45
887.5
900.99
907.84
899.7
902.67
908.68
907.04
910.3
914.39
948.83
927.8
946.645
946
944.75
940.52
940.95
952.8
953.5
945.11
954.5
958.73
961
954.7
944.8
962.84
964
975.02
976
984.85
995
996.51
1000
998.59
998.99
1007.23
1012
1005.95
1012.06
1012.5
967
977.99
988.59
958.7
996
1017
998
998.7
1002.23
1002.54
1008.5
990.69
978.55
979
980.12
972.79
961.53
964.66
969.55
985
993
1000.65
1004.62
1002.4
1004.69
1006
1025
1031.59
1021.28
1028.34
1038.05
1043.2
1069.55
1012.14
1019.05
996.11
1001.77
999.47
989.68
990.65
994.35
982.6
976.295
960
978.41
988.9
981.65
977.84
961.4
957.57
955.52
959.38
957.42
956
946.54
940
958.44
974.7
984.2
975.4
968.32
974
979.1
974.46
983.27
983.97
996.8
993.01
990.4
977.25
971.79
971.31
961.01
949.31
945.49
948
951.86
960.11
964
958
954.21
970
975.64
993.24
996.67
991.27
996.81
1007
1008.44
1005.59
1009.27
990
993.53
986.73
969
978
980.33
1058.14
1095.01
1109
1105.4
1097.81
1091.15
1109.15
1124.74
1122.82
1125.96
1126.1
1123
1130.11
1127.01
1130.16
1138.28
1129.77
1132.86
1141
1160.7
1202.66
1204.88
1194.8
1167.1
1172.05
1173.85
1128.26
1137.99
1156.59
1170.4
1164.6
1166.51
1170
1163.71
1179.03
1187.37
1189.15
1190.5
1175.9
1172.08
1168.36
1179.91
1189
1182.35