552.08
553.98
560.48
569.63
582.95
579.87
593.86
598.69
593.64
598.5
593.19
586.14
602.08
591.43
594.6
595.93
603.17
614.82
620.75
625.89
635.35
627.9
632.99
631
620.5
626.2
616.88
606.57
602
659.59
683.85
671.32
670.9
659.09
673.95
679.75
703.07
713.23
717.93
709.92
710.66
695.27
697.45
698.52
702.8
696.75
704.2
708.35
714.91
712.24
722.79
719.44
728.24
725.54
726.73
723.74
726.64
727.65
717.91
715.24
719.3
714.26
717.51
706.39
714.01
715.82
710.6
722.08
698.96
691.36
707.95
715.6
715.62
725.68
728.1
737.61
736.57
745.81
753.78
748.21
742.63
741.2
735.44
736.07
739.95
745.72
744.43
744.86
739.61
735.59
736.67
752.61
758.81
767.74
760.58
754.64
760.77
765.98
766.56
768.31
768.56
771.24
772.56
768.49
764.04
764.63
764.46
757.31
759.48
762.45
757.25
759.22
769
771.29
767.58
769.16
770.62
772.44
788.87
784.48
784.06
760.14
771.49
761.01
761.09
769.69
778.52
775.1
780.22
789.74
804.7
805.75
799.16
816.11
828.72
829.05
837.31
836.74
834.03
844.36
841.66
839.43
841.71
831
834.09
829.28
822.96
812.95
817.65
817.69
810.32
818.99
838.09
835.18
822.59
818.36
776.32
789.82
785.41
765.56
767.03
755.05
784.93
787.75
771.88
742.38
739.01
719.07
743.24
746.49
756.4
760.16
780
785.33
780.12
780.37
766.77
762.52
750.57
743.65
740.34
759.36
764.72
770.42
767.33
768.66
760.12
774.34
768.82
761
757.77
766
771.22
770.6
766.34
760.59
771.4
772.13
765.15
749.87
753.67
757.18
780.45
795.99
796.92
795.9
799.02
813.64
817.14
809.72
807.48
809.04
808.33
817.88
822.44
836.52
839.15
835.77
830.38
823.48
832.35
839.95
810.2
807.64
812.5
819.71
821.36
827.46
836.53
836.39
842.7
844.14
845.07
856.44
855.61
852.19
845.24
848.64
845.04
853.08
848.91
849.88
846.61
846.02
850.5
853
852.46
854.59
852.53
852.97
853.42
852.31
856.97
843.2
848.06
847.38
845.61
846.82
856
874.32
876.34
886.54
891.51
906.83
909.28
898.28
894.88
907.04
902.36
896.23
884.67
901.99
903.78
899.2
902.06
898.53
907.41
907.62
909.29
918.38
924.99
948.23
946.94
941.03
937.53
934.15
949.04
952.82
948.95
947.62
961.35
957.97
966.07
944.76
958.49
959.84
970.67
971.54
980.35
993.38
995.78
996.7
994.62
995.95
1006.73
1011.34
1003
1010.07
1010.27
978.31
964.91
980.79
976.47
964.17
987.71
995.17
992.59
1002.23
1001.3
1003.74
993.98
976.78
990.33
975.93
968
953.66
971.4
965.14
978.76
996.47
994.13
1006.51
1000.63
1001.81
1010.04
1024.45
1026.87
1028.7
1025.67
1038.95
1039.87
1052.8
1046
1020.04
987.78
996.19
995.89
986.92
987.58
992.27
989.84
982.01
956.92
967.99
983.3
982.74
978.18
960.57
958.47
953.29
966.9
958
952.45
945.26
946.02
954.06
967.59
980.6
978.25
965.27
967.8
979.47
965.9
977.96
982.58
999.6
992.21
986.79
974.19
969.86
973.21
964.65
955.1
939.79
938.6
950.87
956.4
961.35
959.19
957.1
965.45
980.85
989.58
990.99
987.2
995
1000.93
1002.94
1006.34
1009.13
997
986.61
982.91
966.3
975.9
972.91
972.43
1100.95
1110.85
1105.28
1103.68
1094.22
1111.6
1120.66
1123.17
1132.88
1129.13
1125.35
1129.17
1136.84
1126.69
1137.29
1129.88
1126.31
1139.49
1156.16
1186
1195.83
1193.6
1161.27
1176.75
1162.35
1133.95
1141.57
1152.35
1159.79
1162
1168.92
1165.08
1164.13
1174.26
1179.14
1190.58
1187.38
1177.62
1174.76
1168.36
1176.76
1182.26
1186.1
1169.47